vector,labels
"[ 0.1820254   0.32092988 -0.01518029 -0.05168252  0.09612199 -0.17477246
 -0.25077915  0.3921311  -0.16868305 -0.24866717  0.013245   -0.36331797
  0.4160983   0.13908567  0.33438313  0.7145663  -0.1918986   0.46490353
  0.11447763  0.5562875  -0.40780517 -0.51836985  0.19732365 -0.01743822
 -0.4695372   0.04758742 -0.5324242  -0.10830798  0.1024301  -0.06356356
  0.18430601 -0.79255     0.04519305 -0.20430501  0.3277398  -0.6569479
  0.05602996 -0.04397599 -0.19136542  0.35843003 -0.4105293  -0.25366008
  0.27196407  0.02563803  0.39296323  0.3781427   0.18716994 -0.21213983
  0.47703815  0.15473863  0.34861124  0.09952578 -0.25571078 -0.72820956
 -0.22521861  0.62869954 -0.2779932   0.1355806   0.04864764 -0.02452664
 -0.22161321 -0.35395646 -0.23155682 -0.11902504 -0.13875966 -0.37473717
 -0.0564748  -0.5562411   0.31005314 -0.363897    0.51138973 -0.19814141
 -0.11344611  0.12782158  0.2618445   0.12171983 -0.27122197  0.33598047
  0.34365818 -0.77447927  0.32919243  0.153368    0.0407807   0.25017926
  0.00273539 -0.54909503  0.36610824 -0.11393683 -0.12783372 -0.09497297
  0.0881654  -0.31230268  0.41850093  0.55262464  0.23193601 -0.03510872]","(1, 0, 0, 1, 0, 0)"
"[ 0.3107689   0.559265   -0.06724628 -0.10618349  0.12732549 -0.17113335
 -0.26787084  0.30085748 -0.31778502 -0.08926189  0.00408701 -0.3436985
  0.40412816  0.02563106  0.22355418  0.6030246  -0.02388046  0.3049693
  0.16241069  0.7461373  -0.2817812  -0.5314742   0.24923535 -0.03948655
 -0.23203146  0.05444665 -0.6538084  -0.29953134  0.26155847 -0.1340454
  0.2307265  -0.5400835  -0.03423449 -0.23656464  0.2534292  -0.40139884
 -0.10325053 -0.1662182  -0.16890383  0.53775316 -0.5353471  -0.31783578
  0.41040444  0.1543545   0.17695999  0.49698418 -0.03230717 -0.21482754
  0.7089218   0.08327212  0.22780162 -0.06008352 -0.245779   -0.75317067
 -0.12223997  0.70459247 -0.3518881   0.0846169   0.00721202 -0.06277841
 -0.24076623 -0.24256377 -0.1731523  -0.24772172 -0.22147794 -0.12316986
  0.02285118 -0.61944956  0.23879842 -0.5859658   0.3687349  -0.1506575
 -0.12872136 -0.02818249  0.2482336   0.04062331 -0.28686598  0.21819298
  0.3344903  -0.6971291   0.20553672  0.17286837  0.11842665  0.26124743
 -0.05209439 -0.59018207  0.29242888 -0.3259067  -0.08354267  0.09345421
  0.10106779 -0.28972402  0.36604306  0.3796867   0.04444871 -0.131915  ]","(1, 1, 0, 1, 0, 0)"
"[ 0.21223752  0.5960277   0.12597103 -0.19213055  0.11187709 -0.11359803
 -0.29151204  0.38037768 -0.16741744 -0.1898402   0.03289113 -0.34239346
  0.41113514  0.03858713  0.29784718  0.44045833 -0.03749012  0.23598687
  0.27981746  0.79117197 -0.41682085 -0.5317509   0.20508087 -0.06767607
 -0.32497096  0.11778909 -0.7436692  -0.29937327  0.1162327  -0.11211487
  0.21654068 -0.5965559   0.12868889 -0.11535318  0.25544944 -0.3199724
 -0.2873534  -0.10969675  0.06591641  0.42995867 -0.48662338 -0.32069796
  0.28673568  0.01627568  0.07867762  0.45303166 -0.09343296 -0.16500784
  0.77517736  0.08353182  0.32991514 -0.03028304 -0.43010616 -0.7099996
 -0.14396283  0.660322   -0.35382333  0.09659208 -0.00190466 -0.07676129
 -0.19142635 -0.30944896 -0.12402284 -0.23291232 -0.15395057 -0.304612
 -0.03165603 -0.7232456  -0.05763871 -0.472133    0.36397657 -0.05996654
 -0.1363071  -0.05189069  0.35798386  0.0487691  -0.0620863   0.38471526
  0.45073274 -0.7612601   0.45339888  0.0633741   0.09224536  0.25651854
  0.03119363 -0.7122378   0.34010127 -0.48325258 -0.09514498  0.3189781
 -0.02990864 -0.25345308  0.49983853  0.54212713  0.08709305 -0.12550226]","(1, 0, 0, 0, 0, 0)"
"[ 2.1369326e-01  3.5819656e-01 -6.9479935e-02 -5.8112945e-02
  1.5126753e-01 -2.8464130e-01 -3.1160209e-01  3.4496617e-01
 -1.9627099e-01 -2.0446920e-01  9.7526811e-02 -3.2957295e-01
  3.8760352e-01  1.4314280e-01  2.9953533e-01  5.4341251e-01
 -1.6122326e-01  3.9293832e-01  2.1076599e-01  5.3712517e-01
 -2.8139368e-01 -5.0175107e-01  1.6407102e-01 -4.0784714e-04
 -4.3194929e-01  1.1075085e-01 -6.4600426e-01 -2.2932774e-01
  1.7074734e-01  4.5332942e-02  1.5658021e-01 -7.5609136e-01
  7.0549749e-02 -2.4187914e-01  3.8668993e-01 -3.3918864e-01
  2.4920097e-02 -1.7818591e-01 -7.4218303e-02  3.4538642e-01
 -3.5387030e-01 -3.5378435e-01  3.0490857e-01  1.2537043e-01
  3.7020892e-01  5.1306939e-01  1.2657703e-01 -2.0671241e-01
  6.3309413e-01  1.1705022e-01  2.9078662e-01  9.6110359e-02
 -3.1424585e-01 -6.4397269e-01 -1.3607138e-01  7.1395665e-01
 -3.8492325e-01  2.2381911e-02  6.5635219e-02 -2.4280241e-02
 -3.2056215e-01 -2.6717639e-01 -4.3924514e-02 -2.3375490e-01
 -9.8123886e-02 -3.4963948e-01 -1.2637870e-01 -6.3538522e-01
  7.1945861e-02 -4.4958904e-01  5.0946730e-01 -1.7751785e-01
 -1.4847308e-01  1.6456385e-01  3.1115350e-01  3.8462938e-03
 -3.7674662e-01  3.6289540e-01  2.5699139e-01 -7.6545459e-01
  3.2726991e-01  2.2093505e-01  1.4076836e-01  2.6663712e-01
  4.5600042e-02 -6.2288874e-01  3.0389073e-01 -2.2302562e-01
 -5.0472021e-03 -8.9206740e-02  1.7374858e-01 -2.8229189e-01
  3.7101653e-01  4.0857229e-01  2.5601563e-01 -8.2835659e-02]","(0, 1, 0, 0, 0, 0)"
"[ 0.24365917  0.2876493  -0.07114113  0.09069837 -0.0771533  -0.22687067
 -0.40595436  0.28570992 -0.16042607 -0.17893577 -0.05059417 -0.18509667
  0.24516594  0.18364334  0.24386972  0.65951186 -0.1763619   0.5149213
  0.12221728  0.48075646 -0.25187662 -0.47875848 -0.03797556  0.1693815
 -0.4108838   0.12126976 -0.3001575  -0.28018388  0.2436323  -0.17888914
  0.29339793 -0.95116985  0.2622075  -0.3072159   0.56812394 -0.47734505
  0.14832953 -0.2922504  -0.45237133  0.2535889  -0.5661513  -0.40913808
  0.02329248 -0.05110193  0.53005904  0.7388121   0.3951633  -0.11843783
  0.52102906 -0.03385004  0.28816628  0.00558506 -0.28083277 -0.53451246
 -0.15106215  0.6377887  -0.373877    0.13588932  0.15385513 -0.1476457
 -0.23580614 -0.27013445 -0.08425307 -0.20433508 -0.09448983 -0.20713648
 -0.14365159 -0.43693402  0.06547152 -0.39341757  0.68346643 -0.33537585
 -0.12512918  0.17230581  0.27530217  0.19034943 -0.437584    0.3679297
  0.23379555 -0.7824635   0.30023015  0.25264224  0.14791723  0.35736817
  0.02638968 -0.43554217  0.43096325 -0.02240788 -0.05649193 -0.19485688
  0.2729275  -0.2974751   0.43159065  0.32705158  0.08519921 -0.1664313 ]","(1, 0, 0, 0, 0, 0)"
