[ 0.213477    0.6326097   0.02220788 -0.16244064  0.20684785 -0.07232735
 -0.33966136  0.37209123 -0.24658899 -0.11364314  0.04874649 -0.35437062
  0.46794894  0.02646893  0.43545815  0.5458664  -0.00224029  0.16103502
  0.03684269  0.6974387  -0.3188473  -0.5180566   0.19866203  0.03851161
 -0.4525277   0.12764955 -0.669418   -0.28060195  0.10079206 -0.08100015
  0.2734479  -0.7116017   0.13390456 -0.41107404  0.42219013 -0.4588175
 -0.00682861 -0.11680283 -0.05975213  0.46945333 -0.5160694  -0.45351344
  0.37147072 -0.0891436   0.3631452   0.44673598  0.13350429 -0.17437726
  0.5740905   0.14023192  0.41378     0.06583168 -0.27017927 -0.76848465
 -0.21106675  0.67238045 -0.24941903  0.14838092  0.03701281 -0.08863045
 -0.16999093 -0.38141865 -0.17513792 -0.35178685 -0.18877462 -0.1812031
 -0.03596699 -0.6009107   0.03483365 -0.29310548  0.33420384 -0.13078833
 -0.17023203  0.06016612  0.30371553  0.10091413 -0.21140781  0.28451952
  0.31617936 -0.86166143  0.37498304  0.09722131  0.08782455  0.13903806
  0.20158172 -0.62697107  0.2798975  -0.36192822 -0.24568276  0.10609253
  0.1273701  -0.3408567   0.5144843   0.51358056  0.14017698 -0.16336411]
[ 0.31501648  0.17336996 -0.0159621  -0.10266527  0.18368077 -0.1933762
 -0.4355835   0.61065745 -0.39919782 -0.08426368 -0.02218518 -0.49117622
  0.32776228 -0.10016917  0.23506075  1.2147356  -0.2087685   0.6648049
  0.10785556  0.4874023  -0.5656393  -0.5941981   0.45837995  0.03114766
 -0.21628258 -0.09015553 -0.6890174  -0.20292982  0.38602182 -0.20394042
  0.39719024 -0.8076043  -0.13976423 -0.23948854  0.6012875  -0.6699702
  0.0685912   0.4188927  -0.27245888  0.5549344  -0.72629964 -0.16203497
  0.42815802  0.00244347  0.31881326  0.4718084   0.02337117 -0.40446588
  0.5587202   0.16164742  0.33787483  0.07796631 -0.14656779 -0.69899464
 -0.09637833  0.81756335 -0.20839095  0.25990576 -0.08999598 -0.01471792
 -0.27689505 -0.3262804  -0.41772196 -0.31559017 -0.09404016 -0.23306909
 -0.03831    -0.6979938   0.5033398  -0.6222461   0.21800083 -0.24020492
 -0.12404248  0.00323247  0.07449978  0.1569693  -0.34198454  0.18127924
  0.37076187 -0.88696516  0.12898695  0.2142465   0.1912978   0.17547423
  0.02686183 -0.5199291   0.36386845 -0.20216206 -0.08414425  0.10686558
 -0.01303314 -0.5364829   0.3968398   0.47248933 -0.1453237   0.04921291]
[ 0.36988568  0.2254018   0.08171771  0.04143455 -0.03908556 -0.36984035
 -0.45806453  0.28524444 -0.2873598  -0.05935154 -0.05057517 -0.40082824
  0.43934232  0.11703736  0.33794656  0.9292125  -0.18659972  0.6330198
  0.13656956  0.52705735 -0.2504064  -0.50058985  0.27766582  0.0875598
 -0.12048675  0.02325036 -0.5118866  -0.42330483  0.27776322 -0.15900122
  0.4706381  -0.7644743   0.3138101  -0.34081703  0.609087   -0.37187946
  0.04233393 -0.12007552 -0.39084283  0.56413347 -0.76421076 -0.28211161
  0.12687014  0.08088963  0.32434046  0.5170121   0.2721994  -0.20530725
  0.71974826 -0.0285892   0.2782563  -0.11258918 -0.3784086  -0.61378205
 -0.17594442  0.66247064 -0.37904018  0.13025813  0.14579499 -0.18616438
 -0.33799607 -0.35493317 -0.25889418 -0.43639478 -0.303345   -0.00380217
 -0.07632201 -0.36766544  0.15854186 -0.5607732   0.512515   -0.279674
 -0.23753087 -0.03069557  0.1266749   0.24010527 -0.40734825  0.28551212
  0.32829875 -0.7328499   0.38641053  0.3508935   0.31986797  0.359667
 -0.04577531 -0.42576072  0.50537395  0.1247663  -0.09197363 -0.36884424
  0.12315482 -0.3649371   0.31604892  0.42508003 -0.2285853  -0.07358069]
[ 0.2782012   0.40379235  0.08512663 -0.12447747  0.09713092 -0.24062607
 -0.32444426  0.41344482 -0.29398113 -0.12866667 -0.05511273 -0.30543992
  0.21164949  0.18279567  0.27385548  0.7348739  -0.18794969  0.5100151
  0.18502262  0.4946713  -0.20823163 -0.6186357   0.08992116 -0.06606121
 -0.26987255  0.07529991 -0.58785087 -0.41560408  0.19682406 -0.23234674
  0.45356944 -0.69654065  0.04654064 -0.30840456  0.58911943 -0.26011822
 -0.01347388 -0.26130056 -0.20313242  0.35119054 -0.5618706  -0.6024637
  0.22534831  0.03979675  0.35394794  0.5205618   0.17351921 -0.15001133
  0.8527866  -0.02360808  0.2792676  -0.03122202 -0.3798305  -0.5922625
 -0.11938066  0.672234   -0.33195302  0.27846774 -0.01179792 -0.08590581
 -0.23444995 -0.35994178 -0.3285098  -0.36217847 -0.2576794  -0.13765909
  0.12198476 -0.692131    0.02898087 -0.53926766  0.38401067 -0.15571348
 -0.12552235  0.12402656  0.1806827   0.12703562 -0.04771765  0.41413343
  0.24487472 -0.699303    0.2674774   0.12219586  0.20466657  0.3406562
  0.0943817  -0.50347626  0.39275962 -0.3141338  -0.03876874 -0.00868232
 -0.08599968 -0.3644131   0.47478837  0.56713027 -0.05693277 -0.02436663]
[ 0.30199897 -0.036096   -0.02842916  0.15351135 -0.16267382 -0.29984623
 -0.5563097   0.22597747 -0.21688598 -0.3075297  -0.09901888 -0.16155627
  0.1418684   0.07071129  0.14563036  0.9278842  -0.28566164  0.67227405
  0.22785243  0.21495795 -0.20513763 -0.40373075  0.08784372  0.39782375
 -0.21404263 -0.01907995 -0.11613626 -0.308974    0.2848926  -0.10773034
  0.29980347 -1.0658946   0.41287422 -0.22705233  0.742461   -0.5528385
  0.12048004 -0.09348992 -0.38600582  0.31664342 -0.658256   -0.35532063
  0.03300903 -0.02877343  0.56462735  0.4820051   0.43077192 -0.1516061
  0.5561753   0.06092076  0.11312228  0.09318826 -0.301529   -0.55399126
 -0.20314576  0.5468885  -0.3565567   0.11300958  0.10287882 -0.0911516
 -0.19237044 -0.31682315 -0.1585088  -0.30213982 -0.12953755 -0.17638345
 -0.1313303  -0.12222213  0.3249887  -0.4007942   0.5328202  -0.35986438
 -0.15785503  0.1404139   0.18277493  0.10790504 -0.55637664  0.38410297
  0.42420998 -0.7926185   0.41656715  0.41114452  0.11839554  0.37372112
 -0.2604637  -0.21138892  0.36610505  0.22172639 -0.1208466  -0.2742458
  0.3681186  -0.40399694  0.34777245  0.23029703 -0.02477557  0.02147586]
